Sat_10_0
1 10000           25157.00000000  .00000000  00000-0  00000-0 0 00004
2 10000 053.0660 324.2404 0011697 227.7988 132.3432 15.09884957000014
Sat_10_1
1 10001           25157.00000000  .00000000  00000-0  00000-0 0 00005
2 10001 053.0697 324.2264 0013509 245.4793 132.6489 15.09506228000011
Sat_10_10
1 10002           25157.00000000  .00000000  00000-0  00000-0 0 00006
2 10002 053.0660 324.2404 0011647 312.4238 227.7178 15.09884848000016
Sat_10_11
1 10003           25157.00000000  .00000000  00000-0  00000-0 0 00007
2 10003 053.0697 324.2264 0007470 318.0635 240.0643 15.09493815000018
Sat_10_12
1 10004           25157.00000000  .00000000  00000-0  00000-0 0 00008
2 10004 053.0792 324.2179 0004809 276.8130 299.3066 15.08495350000015
Sat_10_13
1 10005           25157.00000000  .00000000  00000-0  00000-0 0 00009
2 10005 053.0910 324.2180 0009064 248.7706 345.3491 15.07270978000015
Sat_10_14
1 10006           25157.00000000  .00000000  00000-0  00000-0 0 00000
2 10006 053.1004 324.2266 0013650 256.1188 356.0095 15.06286514000010
Sat_10_15
1 10007           25157.00000000  .00000000  00000-0  00000-0 0 00001
2 10007 053.1040 324.2406 0015400 270.1161 000.0260 15.05915344000018
Sat_10_16
1 10008           25157.00000000  .00000000  00000-0  00000-0 0 00002
2 10008 053.1003 324.2545 0013596 284.0760 004.0797 15.06298012000011
Sat_10_17
1 10009           25157.00000000  .00000000  00000-0  00000-0 0 00003
2 10009 053.0908 324.2631 0008980 291.2038 014.9604 15.07289618000010
Sat_10_18
1 10010           25157.00000000  .00000000  00000-0  00000-0 0 00005
2 10010 053.0791 324.2630 0004789 262.1919 061.9723 15.08514053000018
Sat_10_19
1 10011           25157.00000000  .00000000  00000-0  00000-0 0 00006
2 10011 053.0696 324.2543 0007544 221.8089 120.3469 15.09505451000018
Sat_10_2
1 10012           25157.00000000  .00000000  00000-0  00000-0 0 00007
2 10012 053.0792 324.2179 0012558 267.1468 128.9729 15.08513077000011
Sat_10_3
1 10013           25157.00000000  .00000000  00000-0  00000-0 0 00008
2 10013 053.0909 324.2179 0009454 290.1598 123.9598 15.07285553000016
Sat_10_4
1 10014           25157.00000000  .00000000  00000-0  00000-0 0 00009
2 10014 053.1004 324.2266 0005207 308.9740 123.1541 15.06294373000019
Sat_10_5
1 10015           25157.00000000  .00000000  00000-0  00000-0 0 00000
2 10015 053.1039 324.2406 0001883 269.0495 181.0925 15.05919931000016
Sat_10_6
1 10016           25157.00000000  .00000000  00000-0  00000-0 0 00001
2 10016 053.1002 324.2545 0005277 231.1973 236.9586 15.06305966000014
Sat_10_7
1 10017           25157.00000000  .00000000  00000-0  00000-0 0 00002
2 10017 053.0907 324.2631 0009514 250.1969 235.9674 15.07304289000013
Sat_10_8
1 10018           25157.00000000  .00000000  00000-0  00000-0 0 00003
2 10018 053.0790 324.2630 0012592 273.2120 230.9521 15.08531768000019
Sat_10_9
1 10019           25157.00000000  .00000000  00000-0  00000-0 0 00004
2 10019 053.0696 324.2543 0013502 294.8389 227.3165 15.09517711000013
Sat_1_0
1 10020           25157.00000000  .00000000  00000-0  00000-0 0 00006
2 10020 052.9831 000.2189 0011705 227.7491 132.4284 15.09884981000017
Sat_1_1
1 10021           25157.00000000  .00000000  00000-0  00000-0 0 00007
2 10021 052.9868 000.2049 0013509 245.4422 132.7216 15.09505627000013
Sat_1_10
1 10022           25157.00000000  .00000000  00000-0  00000-0 0 00008
2 10022 052.9831 000.2189 0011642 312.5296 227.6474 15.09884846000013
Sat_1_11
1 10023           25157.00000000  .00000000  00000-0  00000-0 0 00009
2 10023 052.9868 000.2049 0007466 318.1931 239.9704 15.09493235000016
Sat_1_12
1 10024           25157.00000000  .00000000  00000-0  00000-0 0 00000
2 10024 052.9964 000.1964 0004795 276.9881 299.1671 15.08496074000010
Sat_1_13
1 10025           25157.00000000  .00000000  00000-0  00000-0 0 00001
2 10025 053.0081 000.1965 0009034 248.8373 345.3181 15.07274384000016
Sat_1_14
1 10026           25157.00000000  .00000000  00000-0  00000-0 0 00002
2 10026 053.0176 000.2052 0013606 256.1615 356.0024 15.06292959000013
Sat_1_15
1 10027           25157.00000000  .00000000  00000-0  00000-0 0 00003
2 10027 053.0211 000.2192 0015346 270.1449 000.0326 15.05924033000018
Sat_1_16
1 10028           25157.00000000  .00000000  00000-0  00000-0 0 00004
2 10028 053.0174 000.2331 0013538 284.0816 004.1096 15.06307302000019
Sat_1_17
1 10029           25157.00000000  .00000000  00000-0  00000-0 0 00005
2 10029 053.0079 000.2417 0008930 291.1287 015.0709 15.07297637000012
Sat_1_18
1 10030           25157.00000000  .00000000  00000-0  00000-0 0 00007
2 10030 052.9962 000.2416 0004771 261.7639 062.4357 15.08519406000012
Sat_1_19
1 10031           25157.00000000  .00000000  00000-0  00000-0 0 00008
2 10031 052.9867 000.2329 0007558 221.6504 120.5408 15.09507751000016
Sat_1_2
1 10032           25157.00000000  .00000000  00000-0  00000-0 0 00009
2 10032 052.9963 000.1964 0012555 267.0875 129.0678 15.08513745000018
Sat_1_3
1 10033           25157.00000000  .00000000  00000-0  00000-0 0 00000
2 10033 053.0081 000.1964 0009451 290.0340 124.1213 15.07288900000018
Sat_1_4
1 10034           25157.00000000  .00000000  00000-0  00000-0 0 00001
2 10034 053.0175 000.2052 0005211 308.6537 123.5101 15.06300780000015
Sat_1_5
1 10035           25157.00000000  .00000000  00000-0  00000-0 0 00002
2 10035 053.0211 000.2192 0001919 268.8390 181.3386 15.05928605000015
Sat_1_6
1 10036           25157.00000000  .00000000  00000-0  00000-0 0 00003
2 10036 053.0174 000.2331 0005298 231.5550 236.6363 15.06315242000015
Sat_1_7
1 10037           25157.00000000  .00000000  00000-0  00000-0 0 00004
2 10037 053.0078 000.2417 0009527 250.4100 235.7896 15.07312273000017
Sat_1_8
1 10038           25157.00000000  .00000000  00000-0  00000-0 0 00005
2 10038 052.9961 000.2416 0012597 273.3602 230.8392 15.08537061000010
Sat_1_9
1 10039           25157.00000000  .00000000  00000-0  00000-0 0 00006
2 10039 052.9867 000.2329 0013501 294.9554 227.2354 15.09519952000018
Sat_2_0
1 10040           25157.00000000  .00000000  00000-0  00000-0 0 00008
2 10040 052.8994 036.2382 0011701 227.6450 132.5003 15.09885006000011
Sat_2_1
1 10041           25157.00000000  .00000000  00000-0  00000-0 0 00009
2 10041 052.9031 036.2242 0013508 245.3281 132.8036 15.09507792000018
Sat_2_10
1 10042           25157.00000000  .00000000  00000-0  00000-0 0 00000
2 10042 052.8994 036.2382 0011650 312.5834 227.5614 15.09884896000015
Sat_2_11
1 10043           25157.00000000  .00000000  00000-0  00000-0 0 00001
2 10043 052.9031 036.2243 0007479 318.3555 239.7758 15.09495458000019
Sat_2_12
1 10044           25157.00000000  .00000000  00000-0  00000-0 0 00002
2 10044 052.9127 036.2157 0004777 277.4055 298.7176 15.08501296000014
Sat_2_13
1 10045           25157.00000000  .00000000  00000-0  00000-0 0 00003
2 10045 052.9244 036.2158 0008984 248.9108 345.2124 15.07282287000018
Sat_2_14
1 10046           25157.00000000  .00000000  00000-0  00000-0 0 00004
2 10046 052.9339 036.2245 0013549 256.1578 355.9739 15.06302209000012
Sat_2_15
1 10047           25157.00000000  .00000000  00000-0  00000-0 0 00005
2 10047 052.9374 036.2385 0015291 270.1185 000.0268 15.05932792000013
Sat_2_16
1 10048           25157.00000000  .00000000  00000-0  00000-0 0 00006
2 10048 052.9338 036.2524 0013494 284.0406 004.1182 15.06313919000017
Sat_2_17
1 10049           25157.00000000  .00000000  00000-0  00000-0 0 00007
2 10049 052.9242 036.2610 0008899 291.0596 015.1076 15.07301271000012
Sat_2_18
1 10050           25157.00000000  .00000000  00000-0  00000-0 0 00009
2 10050 052.9125 036.2610 0004758 261.5702 062.5970 15.08520344000019
Sat_2_19
1 10051           25157.00000000  .00000000  00000-0  00000-0 0 00000
2 10051 052.9030 036.2523 0007555 221.5188 120.6400 15.09507309000011
Sat_2_2
1 10052           25157.00000000  .00000000  00000-0  00000-0 0 00001
2 10052 052.9126 036.2156 0012560 266.9414 129.1818 15.08518907000019
Sat_2_3
1 10053           25157.00000000  .00000000  00000-0  00000-0 0 00002
2 10053 052.9243 036.2157 0009463 289.8217 124.3015 15.07296765000014
Sat_2_4
1 10054           25157.00000000  .00000000  00000-0  00000-0 0 00003
2 10054 052.9338 036.2244 0005232 308.2924 123.8392 15.06310016000015
Sat_2_5
1 10055           25157.00000000  .00000000  00000-0  00000-0 0 00004
2 10055 052.9374 036.2385 0001955 269.0716 181.0737 15.05937349000015
Sat_2_6
1 10056           25157.00000000  .00000000  00000-0  00000-0 0 00005
2 10056 052.9337 036.2525 0005303 231.8738 236.2851 15.06321823000018
Sat_2_7
1 10057           25157.00000000  .00000000  00000-0  00000-0 0 00006
2 10057 052.9241 036.2611 0009525 250.5400 235.6273 15.07315847000014
Sat_2_8
1 10058           25157.00000000  .00000000  00000-0  00000-0 0 00007
2 10058 052.9124 036.2610 0012594 273.4242 230.7429 15.08537943000015
Sat_2_9
1 10059           25157.00000000  .00000000  00000-0  00000-0 0 00008
2 10059 052.9029 036.2523 0013501 294.9970 227.1615 15.09519487000019
Sat_3_0
1 10060           25157.00000000  .00000000  00000-0  00000-0 0 00000
2 10060 052.8468 072.2912 0011687 227.5261 132.5314 15.09885009000018
Sat_3_1
1 10061           25157.00000000  .00000000  00000-0  00000-0 0 00001
2 10061 052.8505 072.2772 0013505 245.1807 132.8632 15.09511880000017
Sat_3_10
1 10062           25157.00000000  .00000000  00000-0  00000-0 0 00002
2 10062 052.8468 072.2912 0011667 312.5641 227.4929 15.09884966000012
Sat_3_11
1 10063           25157.00000000  .00000000  00000-0  00000-0 0 00003
2 10063 052.8505 072.2772 0007505 318.4869 239.5567 15.09499618000010
Sat_3_12
1 10064           25157.00000000  .00000000  00000-0  00000-0 0 00004
2 10064 052.8600 072.2686 0004761 277.9074 298.1279 15.08509005000011
Sat_3_13
1 10065           25157.00000000  .00000000  00000-0  00000-0 0 00005
2 10065 052.8718 072.2686 0008933 248.9641 345.0713 15.07291656000019
Sat_3_14
1 10066           25157.00000000  .00000000  00000-0  00000-0 0 00006
2 10066 052.8813 072.2773 0013500 256.1094 355.9344 15.06310729000014
Sat_3_15
1 10067           25157.00000000  .00000000  00000-0  00000-0 0 00007
2 10067 052.8849 072.2913 0015257 270.0467 000.0106 15.05938281000012
Sat_3_16
1 10068           25157.00000000  .00000000  00000-0  00000-0 0 00008
2 10068 052.8812 072.3053 0013478 283.9688 004.1020 15.06315345000011
Sat_3_17
1 10069           25157.00000000  .00000000  00000-0  00000-0 0 00009
2 10069 052.8717 072.3140 0008899 291.0238 015.0554 15.07299140000013
Sat_3_18
1 10070           25157.00000000  .00000000  00000-0  00000-0 0 00001
2 10070 052.8600 072.3139 0004754 261.6874 062.3918 15.08516514000016
Sat_3_19
1 10071           25157.00000000  .00000000  00000-0  00000-0 0 00002
2 10071 052.8505 072.3053 0007535 221.4641 120.6069 15.09504290000016
Sat_3_2
1 10072           25157.00000000  .00000000  00000-0  00000-0 0 00003
2 10072 052.8600 072.2685 0012571 266.7647 129.2707 15.08526575000010
Sat_3_3
1 10073           25157.00000000  .00000000  00000-0  00000-0 0 00004
2 10073 052.8717 072.2686 0009485 289.6047 124.4307 15.07306134000018
Sat_3_4
1 10074           25157.00000000  .00000000  00000-0  00000-0 0 00005
2 10074 052.8812 072.2773 0005261 308.0294 124.0143 15.06318548000015
Sat_3_5
1 10075           25157.00000000  .00000000  00000-0  00000-0 0 00006
2 10075 052.8848 072.2913 0001977 269.6387 180.4187 15.05942828000013
Sat_3_6
1 10076           25157.00000000  .00000000  00000-0  00000-0 0 00007
2 10076 052.8812 072.3053 0005289 232.0351 236.0358 15.06323202000014
Sat_3_7
1 10077           25157.00000000  .00000000  00000-0  00000-0 0 00008
2 10077 052.8717 072.3140 0009509 250.5377 235.5416 15.07313656000010
Sat_3_8
1 10078           25157.00000000  .00000000  00000-0  00000-0 0 00009
2 10078 052.8599 072.3140 0012584 273.3794 230.6997 15.08534079000017
Sat_3_9
1 10079           25157.00000000  .00000000  00000-0  00000-0 0 00000
2 10079 052.8504 072.3053 0013503 294.9476 227.1231 15.09516490000015
Sat_4_0
1 10080           25157.00000000  .00000000  00000-0  00000-0 0 00002
2 10080 052.8456 108.3575 0011667 227.4385 132.5093 15.09884969000015
Sat_4_1
1 10081           25157.00000000  .00000000  00000-0  00000-0 0 00003
2 10081 052.8492 108.3435 0013503 245.0566 132.8775 15.09516311000012
Sat_4_10
1 10082           25157.00000000  .00000000  00000-0  00000-0 0 00004
2 10082 052.8456 108.3575 0011686 312.4788 227.4685 15.09885008000016
Sat_4_11
1 10083           25157.00000000  .00000000  00000-0  00000-0 0 00005
2 10083 052.8492 108.3435 0007534 318.5360 239.3977 15.09504109000018
Sat_4_12
1 10084           25157.00000000  .00000000  00000-0  00000-0 0 00006
2 10084 052.8587 108.3348 0004754 278.3003 297.6252 15.08516247000013
Sat_4_13
1 10085           25157.00000000  .00000000  00000-0  00000-0 0 00007
2 10085 052.8705 108.3348 0008900 248.9768 344.9488 15.07298914000018
Sat_4_14
1 10086           25157.00000000  .00000000  00000-0  00000-0 0 00008
2 10086 052.8800 108.3434 0013478 256.0347 355.8992 15.06315270000015
Sat_4_15
1 10087           25157.00000000  .00000000  00000-0  00000-0 0 00009
2 10087 052.8837 108.3574 0015256 269.9572 359.9903 15.05938410000013
Sat_4_16
1 10088           25157.00000000  .00000000  00000-0  00000-0 0 00000
2 10088 052.8801 108.3715 0013498 283.8936 004.0674 15.06311037000011
Sat_4_17
1 10089           25157.00000000  .00000000  00000-0  00000-0 0 00001
2 10089 052.8706 108.3801 0008931 291.0343 014.9350 15.07292052000018
Sat_4_18
1 10090           25157.00000000  .00000000  00000-0  00000-0 0 00003
2 10090 052.8588 108.3802 0004761 262.0713 061.8982 15.08509362000013
Sat_4_19
1 10091           25157.00000000  .00000000  00000-0  00000-0 0 00004
2 10091 052.8493 108.3715 0007507 221.5089 120.4523 15.09499826000016
Sat_4_2
1 10092           25157.00000000  .00000000  00000-0  00000-0 0 00005
2 10092 052.8587 108.3348 0012584 266.6250 129.3006 15.08533812000011
Sat_4_3
1 10093           25157.00000000  .00000000  00000-0  00000-0 0 00006
2 10093 052.8704 108.3348 0009509 289.4657 124.4598 15.07313428000010
Sat_4_4
1 10094           25157.00000000  .00000000  00000-0  00000-0 0 00007
2 10094 052.8799 108.3434 0005288 307.9626 123.9712 15.06323126000010
Sat_4_5
1 10095           25157.00000000  .00000000  00000-0  00000-0 0 00008
2 10095 052.8836 108.3574 0001977 270.3312 179.6162 15.05942957000019
Sat_4_6
1 10096           25157.00000000  .00000000  00000-0  00000-0 0 00009
2 10096 052.8800 108.3715 0005262 231.9782 235.9828 15.06318858000016
Sat_4_7
1 10097           25157.00000000  .00000000  00000-0  00000-0 0 00000
2 10097 052.8705 108.3802 0009486 250.4038 235.5657 15.07306531000012
Sat_4_8
1 10098           25157.00000000  .00000000  00000-0  00000-0 0 00001
2 10098 052.8587 108.3802 0012571 273.2428 230.7265 15.08526932000018
Sat_4_9
1 10099           25157.00000000  .00000000  00000-0  00000-0 0 00002
2 10099 052.8492 108.3716 0013505 294.8258 227.1351 15.09512084000016
Sat_5_0
1 10100           25157.00000000  .00000000  00000-0  00000-0 0 00005
2 10100 052.8962 144.4116 0011650 227.4158 132.4423 15.09884899000010
Sat_5_1
1 10101           25157.00000000  .00000000  00000-0  00000-0 0 00006
2 10101 052.8997 144.3976 0013501 245.0033 132.8412 15.09519402000014
Sat_5_10
1 10102           25157.00000000  .00000000  00000-0  00000-0 0 00007
2 10102 052.8962 144.4116 0011701 312.3604 227.4973 15.09885006000015
Sat_5_11
1 10103           25157.00000000  .00000000  00000-0  00000-0 0 00008
2 10103 052.8998 144.3976 0007554 318.4856 239.3585 15.09507223000018
Sat_5_12
1 10104           25157.00000000  .00000000  00000-0  00000-0 0 00009
2 10104 052.9092 144.3889 0004758 278.4314 297.4044 15.08520270000016
Sat_5_13
1 10105           25157.00000000  .00000000  00000-0  00000-0 0 00000
2 10105 052.9210 144.3888 0008898 248.9428 344.8929 15.07301301000015
Sat_5_14
1 10106           25157.00000000  .00000000  00000-0  00000-0 0 00001
2 10106 052.9305 144.3974 0013492 255.9621 355.8820 15.06314106000014
Sat_5_15
1 10107           25157.00000000  .00000000  00000-0  00000-0 0 00002
2 10107 052.9342 144.4114 0015289 269.8839 359.9737 15.05933130000019
Sat_5_16
1 10108           25157.00000000  .00000000  00000-0  00000-0 0 00003
2 10108 052.9306 144.4254 0013546 283.8435 004.0277 15.06302634000014
Sat_5_17
1 10109           25157.00000000  .00000000  00000-0  00000-0 0 00004
2 10109 052.9212 144.4341 0008982 291.0862 014.7935 15.07282703000015
Sat_5_18
1 10110           25157.00000000  .00000000  00000-0  00000-0 0 00006
2 10110 052.9094 144.4342 0004776 262.5724 061.3075 15.08501609000016
Sat_5_19
1 10111           25157.00000000  .00000000  00000-0  00000-0 0 00007
2 10111 052.8999 144.4256 0007480 221.6375 120.2342 15.09495614000018
Sat_5_2
1 10112           25157.00000000  .00000000  00000-0  00000-0 0 00008
2 10112 052.9092 144.3889 0012594 266.5755 129.2604 15.08537866000012
Sat_5_3
1 10113           25157.00000000  .00000000  00000-0  00000-0 0 00009
2 10113 052.9209 144.3888 0009525 289.4571 124.3786 15.07315874000011
Sat_5_4
1 10114           25157.00000000  .00000000  00000-0  00000-0 0 00000
2 10114 052.9305 144.3974 0005302 308.1148 123.7292 15.06322008000014
Sat_5_5
1 10115           25157.00000000  .00000000  00000-0  00000-0 0 00001
2 10115 052.9341 144.4114 0001956 270.9088 178.9488 15.05937686000014
Sat_5_6
1 10116           25157.00000000  .00000000  00000-0  00000-0 0 00002
2 10116 052.9306 144.4254 0005233 231.7224 236.1489 15.06310441000013
Sat_5_7
1 10117           25157.00000000  .00000000  00000-0  00000-0 0 00003
2 10117 052.9211 144.4341 0009464 250.1886 235.6912 15.07297180000015
Sat_5_8
1 10118           25157.00000000  .00000000  00000-0  00000-0 0 00004
2 10118 052.9094 144.4342 0012560 273.0663 230.8134 15.08519218000017
Sat_5_9
1 10119           25157.00000000  .00000000  00000-0  00000-0 0 00005
2 10119 052.8998 144.4256 0013508 294.6782 227.1931 15.09507944000016
Sat_6_0
1 10120           25157.00000000  .00000000  00000-0  00000-0 0 00007
2 10120 052.9791 180.4327 0011642 227.4666 132.3563 15.09884847000019
Sat_6_1
1 10121           25157.00000000  .00000000  00000-0  00000-0 0 00008
2 10121 052.9827 180.4187 0013501 245.0409 132.7683 15.09519992000014
Sat_6_10
1 10122           25157.00000000  .00000000  00000-0  00000-0 0 00009
2 10122 052.9791 180.4327 0011705 312.2546 227.5678 15.09884982000015
Sat_6_11
1 10123           25157.00000000  .00000000  00000-0  00000-0 0 00000
2 10123 052.9827 180.4187 0007558 318.3565 239.4523 15.09507792000011
Sat_6_12
1 10124           25157.00000000  .00000000  00000-0  00000-0 0 00001
2 10124 052.9922 180.4100 0004771 278.2508 297.5496 15.08519552000018
Sat_6_13
1 10125           25157.00000000  .00000000  00000-0  00000-0 0 00002
2 10125 053.0039 180.4100 0008928 248.8748 344.9256 15.07297912000010
Sat_6_14
1 10126           25157.00000000  .00000000  00000-0  00000-0 0 00003
2 10126 053.0135 180.4185 0013536 255.9193 355.8895 15.06307680000018
Sat_6_15
1 10127           25157.00000000  .00000000  00000-0  00000-0 0 00004
2 10127 053.0172 180.4325 0015344 269.8551 359.9673 15.05924451000016
Sat_6_16
1 10128           25157.00000000  .00000000  00000-0  00000-0 0 00005
2 10128 053.0136 180.4464 0013604 283.8376 003.9984 15.06293338000014
Sat_6_17
1 10129           25157.00000000  .00000000  00000-0  00000-0 0 00006
2 10129 053.0041 180.4552 0009033 291.1594 014.6852 15.07274660000014
Sat_6_18
1 10130           25157.00000000  .00000000  00000-0  00000-0 0 00008
2 10130 052.9924 180.4553 0004795 262.9975 060.8473 15.08496221000016
Sat_6_19
1 10131           25157.00000000  .00000000  00000-0  00000-0 0 00009
2 10131 052.9829 180.4467 0007466 221.7999 120.0366 15.09493277000011
Sat_6_2
1 10132           25157.00000000  .00000000  00000-0  00000-0 0 00000
2 10132 052.9921 180.4100 0012597 266.6348 129.1657 15.08537204000017
Sat_6_3
1 10133           25157.00000000  .00000000  00000-0  00000-0 0 00001
2 10133 053.0039 180.4099 0009527 289.5818 124.2185 15.07312545000012
Sat_6_4
1 10134           25157.00000000  .00000000  00000-0  00000-0 0 00002
2 10134 053.0134 180.4185 0005299 308.4289 123.3798 15.06315620000016
Sat_6_5
1 10135           25157.00000000  .00000000  00000-0  00000-0 0 00003
2 10135 053.0171 180.4325 0001921 271.1598 178.6626 15.05929022000010
Sat_6_6
1 10136           25157.00000000  .00000000  00000-0  00000-0 0 00004
2 10136 053.0135 180.4465 0005211 231.3627 236.4735 15.06301158000012
Sat_6_7
1 10137           25157.00000000  .00000000  00000-0  00000-0 0 00005
2 10137 053.0041 180.4552 0009451 249.9742 235.8705 15.07289173000012
Sat_6_8
1 10138           25157.00000000  .00000000  00000-0  00000-0 0 00006
2 10138 052.9923 180.4553 0012555 272.9176 230.9271 15.08513890000018
Sat_6_9
1 10139           25157.00000000  .00000000  00000-0  00000-0 0 00007
2 10139 052.9828 180.4467 0013509 294.5615 227.2747 15.09505667000016
Sat_7_0
1 10140           25157.00000000  .00000000  00000-0  00000-0 0 00009
2 10140 053.0628 216.4130 0011646 227.5708 132.2846 15.09884847000019
Sat_7_1
1 10141           25157.00000000  .00000000  00000-0  00000-0 0 00000
2 10141 053.0663 216.3990 0013502 245.1548 132.6868 15.09517861000010
Sat_7_10
1 10142           25157.00000000  .00000000  00000-0  00000-0 0 00001
2 10142 053.0628 216.4130 0011698 312.2019 227.6531 15.09884958000018
Sat_7_11
1 10143           25157.00000000  .00000000  00000-0  00000-0 0 00002
2 10143 053.0664 216.3991 0007545 318.1980 239.6433 15.09505604000013
Sat_7_12
1 10144           25157.00000000  .00000000  00000-0  00000-0 0 00003
2 10144 053.0758 216.3904 0004788 277.8302 298.0026 15.08514364000016
Sat_7_13
1 10145           25157.00000000  .00000000  00000-0  00000-0 0 00004
2 10145 053.0876 216.3903 0008977 248.7993 345.0336 15.07290033000014
Sat_7_14
1 10146           25157.00000000  .00000000  00000-0  00000-0 0 00005
2 10146 053.0971 216.3989 0013593 255.9227 355.9186 15.06298437000013
Sat_7_15
1 10147           25157.00000000  .00000000  00000-0  00000-0 0 00006
2 10147 053.1008 216.4128 0015398 269.8815 359.9735 15.05915683000016
Sat_7_16
1 10148           25157.00000000  .00000000  00000-0  00000-0 0 00007
2 10148 053.0972 216.4268 0013648 283.8784 003.9903 15.06286702000015
Sat_7_17
1 10149           25157.00000000  .00000000  00000-0  00000-0 0 00008
2 10149 053.0878 216.4354 0009063 291.2269 014.6504 15.07271008000014
Sat_7_18
1 10150           25157.00000000  .00000000  00000-0  00000-0 0 00000
2 10150 053.0760 216.4355 0004808 263.1857 060.6918 15.08495275000015
Sat_7_19
1 10151           25157.00000000  .00000000  00000-0  00000-0 0 00001
2 10151 053.0665 216.4270 0007470 221.9321 119.9370 15.09493728000014
Sat_7_2
1 10152           25157.00000000  .00000000  00000-0  00000-0 0 00002
2 10152 053.0758 216.3904 0012593 266.7803 129.0527 15.08532077000011
Sat_7_3
1 10153           25157.00000000  .00000000  00000-0  00000-0 0 00003
2 10153 053.0875 216.3903 0009515 289.7929 124.0399 15.07304703000019
Sat_7_4
1 10154           25157.00000000  .00000000  00000-0  00000-0 0 00004
2 10154 053.0970 216.3989 0005278 308.7878 123.0534 15.06306392000012
Sat_7_5
1 10155           25157.00000000  .00000000  00000-0  00000-0 0 00005
2 10155 053.1007 216.4128 0001885 270.9693 178.8857 15.05920269000016
Sat_7_6
1 10156           25157.00000000  .00000000  00000-0  00000-0 0 00006
2 10156 053.0971 216.4268 0005207 231.0375 236.8313 15.06294559000017
Sat_7_7
1 10157           25157.00000000  .00000000  00000-0  00000-0 0 00007
2 10157 053.0877 216.4355 0009453 249.8431 236.0343 15.07285581000018
Sat_7_8
1 10158           25157.00000000  .00000000  00000-0  00000-0 0 00008
2 10158 053.0760 216.4355 0012558 272.8536 231.0238 15.08513000000011
Sat_7_9
1 10159           25157.00000000  .00000000  00000-0  00000-0 0 00009
2 10159 053.0664 216.4270 0013509 294.5204 227.3485 15.09506141000012
Sat_8_0
1 10160           25157.00000000  .00000000  00000-0  00000-0 0 00001
2 10160 053.1152 252.3602 0011661 227.6887 132.2545 15.09884887000013
Sat_8_1
1 10161           25157.00000000  .00000000  00000-0  00000-0 0 00002
2 10161 053.1188 252.3462 0013505 245.3016 132.6277 15.09513807000014
Sat_8_10
1 10162           25157.00000000  .00000000  00000-0  00000-0 0 00003
2 10162 053.1152 252.3602 0011681 312.2218 227.7209 15.09884930000012
Sat_8_11
1 10163           25157.00000000  .00000000  00000-0  00000-0 0 00004
2 10163 053.1188 252.3462 0007519 318.0685 239.8604 15.09501477000018
Sat_8_12
1 10164           25157.00000000  .00000000  00000-0  00000-0 0 00005
2 10164 053.1283 252.3376 0004804 277.3318 298.5887 15.08506671000018
Sat_8_13
1 10165           25157.00000000  .00000000  00000-0  00000-0 0 00006
2 10165 053.1400 252.3376 0009029 248.7461 345.1744 15.07280662000014
Sat_8_14
1 10166           25157.00000000  .00000000  00000-0  00000-0 0 00007
2 10166 053.1495 252.3462 0013642 255.9712 355.9579 15.06289903000011
Sat_8_15
1 10167           25157.00000000  .00000000  00000-0  00000-0 0 00008
2 10167 053.1532 252.3601 0015433 269.9533 359.9896 15.05910179000016
Sat_8_16
1 10168           25157.00000000  .00000000  00000-0  00000-0 0 00009
2 10168 053.1496 252.3740 0013664 283.9503 004.0063 15.06285271000010
Sat_8_17
1 10169           25157.00000000  .00000000  00000-0  00000-0 0 00000
2 10169 053.1401 252.3826 0009063 291.2638 014.7014 15.07273151000010
Sat_8_18
1 10170           25157.00000000  .00000000  00000-0  00000-0 0 00002
2 10170 053.1284 252.3827 0004812 263.0679 060.8974 15.08499135000011
Sat_8_19
1 10171           25157.00000000  .00000000  00000-0  00000-0 0 00003
2 10171 053.1189 252.3741 0007489 221.9834 119.9736 15.09496788000014
Sat_8_2
1 10172           25157.00000000  .00000000  00000-0  00000-0 0 00004
2 10172 053.1282 252.3376 0012582 266.9567 128.9639 15.08524424000015
Sat_8_3
1 10173           25157.00000000  .00000000  00000-0  00000-0 0 00005
2 10173 053.1400 252.3376 0009493 290.0102 123.9103 15.07295332000011
Sat_8_4
1 10174           25157.00000000  .00000000  00000-0  00000-0 0 00006
2 10174 053.1495 252.3461 0005249 309.0557 122.8732 15.06297845000017
Sat_8_5
1 10175           25157.00000000  .00000000  00000-0  00000-0 0 00007
2 10175 053.1531 252.3601 0001862 270.3879 179.5550 15.05914774000012
Sat_8_6
1 10176           25157.00000000  .00000000  00000-0  00000-0 0 00008
2 10176 053.1495 252.3740 0005221 230.8743 237.0825 15.06293174000010
Sat_8_7
1 10177           25157.00000000  .00000000  00000-0  00000-0 0 00009
2 10177 053.1400 252.3827 0009469 249.8459 236.1194 15.07287783000014
Sat_8_8
1 10178           25157.00000000  .00000000  00000-0  00000-0 0 00000
2 10178 053.1283 252.3827 0012568 272.8988 231.0664 15.08516894000016
Sat_8_9
1 10179           25157.00000000  .00000000  00000-0  00000-0 0 00001
2 10179 053.1188 252.3741 0013507 294.5703 227.3863 15.09509180000016
Sat_9_0
1 10180           25157.00000000  .00000000  00000-0  00000-0 0 00003
2 10180 053.1164 288.2943 0011681 227.7756 132.2769 15.09884929000017
Sat_9_1
1 10181           25157.00000000  .00000000  00000-0  00000-0 0 00004
2 10181 053.1201 288.2804 0013507 245.4256 132.6131 15.09509361000018
Sat_9_10
1 10182           25157.00000000  .00000000  00000-0  00000-0 0 00005
2 10182 053.1164 288.2943 0011662 312.3064 227.7457 15.09884889000010
Sat_9_11
1 10183           25157.00000000  .00000000  00000-0  00000-0 0 00006
2 10183 053.1201 288.2804 0007491 318.0167 240.0217 15.09496971000014
Sat_9_12
1 10184           25157.00000000  .00000000  00000-0  00000-0 0 00007
2 10184 053.1296 288.2718 0004812 276.9443 299.0857 15.08499404000013
Sat_9_13
1 10185           25157.00000000  .00000000  00000-0  00000-0 0 00008
2 10185 053.1413 288.2718 0009062 248.7356 345.2945 15.07273378000018
Sat_9_14
1 10186           25157.00000000  .00000000  00000-0  00000-0 0 00009
2 10186 053.1508 288.2805 0013664 256.0461 355.9925 15.06285346000016
Sat_9_15
1 10187           25157.00000000  .00000000  00000-0  00000-0 0 00000
2 10187 053.1544 288.2944 0015433 270.0428 000.0096 15.05910049000017
Sat_9_16
1 10188           25157.00000000  .00000000  00000-0  00000-0 0 00001
2 10188 053.1508 288.3083 0013643 284.0258 004.0403 15.06289594000011
Sat_9_17
1 10189           25157.00000000  .00000000  00000-0  00000-0 0 00002
2 10189 053.1413 288.3169 0009031 291.2553 014.8193 15.07280265000018
Sat_9_18
1 10190           25157.00000000  .00000000  00000-0  00000-0 0 00004
2 10190 053.1295 288.3169 0004804 262.6893 061.3855 15.08506313000018
Sat_9_19
1 10191           25157.00000000  .00000000  00000-0  00000-0 0 00005
2 10191 053.1201 288.3083 0007518 221.9357 120.1306 15.09501269000010
Sat_9_2
1 10192           25157.00000000  .00000000  00000-0  00000-0 0 00006
2 10192 053.1295 288.2718 0012569 267.0967 128.9333 15.08517162000012
Sat_9_3
1 10193           25157.00000000  .00000000  00000-0  00000-0 0 00007
2 10193 053.1413 288.2718 0009470 290.1507 123.8793 15.07288013000012
Sat_9_4
1 10194           25157.00000000  .00000000  00000-0  00000-0 0 00008
2 10194 053.1507 288.2804 0005222 309.1279 122.9106 15.06293251000018
Sat_9_5
1 10195           25157.00000000  .00000000  00000-0  00000-0 0 00009
2 10195 053.1543 288.2944 0001862 269.6442 180.4082 15.05914645000010
Sat_9_6
1 10196           25157.00000000  .00000000  00000-0  00000-0 0 00000
2 10196 053.1507 288.3083 0005248 230.9363 237.1300 15.06297534000016
Sat_9_7
1 10197           25157.00000000  .00000000  00000-0  00000-0 0 00001
2 10197 053.1412 288.3169 0009492 249.9813 236.0935 15.07294934000016
Sat_9_8
1 10198           25157.00000000  .00000000  00000-0  00000-0 0 00002
2 10198 053.1295 288.3169 0012581 273.0358 231.0389 15.08524067000013
Sat_9_9
1 10199           25157.00000000  .00000000  00000-0  00000-0 0 00003
2 10199 053.1200 288.3083 0013505 294.6919 227.3741 15.09513603000019
